c PicoSAT SAT Solver Version 954
c Copyright (c) 2006 - 2012 Armin Biere JKU Linz
c gcc -Wall -Wextra -DNDEBUG -O3
c
c using 2 as default phase
c
c parsing infile.cnf
c parsed header 'p cnf 777 20229'
c initialized 777 variables
c found 20229 non trivial clauses
c
c random number generator seed 0
c 
c  seconds     variables   original    learned     agility
c         level        used      conflicts    limit          MB
c 
c s   0.0   0.0   770   0.9 19032     0     0     0   0.0   1.6 
c 
c initial reduction limit 1000 clauses
c 
c +   0.0  43.8   770  10.0 19032   100   100  1100   5.3   1.6 
c R   0.0  43.8   770  10.0 19032   102   102  1100   5.5   1.6 
c +   0.0  60.2   770  28.3 19032   221   221  1210  11.0   1.7 
c +   0.0  72.1   770  28.3 19032   367   367  1331  15.9   1.7 
c R   0.0  74.1   770  28.3 19032   404   404  1331  16.9   1.7 
c +   0.0  81.1   770  41.6 19032   543   543  1464  19.3   1.7 
c +   0.0  88.0   770  41.6 19032   755   755  1610  21.4   1.8 
c +   0.0  89.3   770  42.9 19032  1011  1011  1771  22.4   1.8 
c R   0.0  90.6   770  42.9 19032  1209  1209  1771  22.6   1.9 
c +   0.0  90.3   770  42.9 19032  1320  1320  1948  24.8   1.9 
c +   0.0  93.4   770  42.9 19032  1693  1693  2142  29.2   2.0 
c +   0.1  96.2   770  42.9 19032  2144  2144  2356  31.3   2.1 
c +   0.1  98.4   770  42.9 19032  2689  1507  2591  31.0   2.0 
c N   0.1  99.9   770  42.9 19032  3212  2030  2591  30.4   2.1 
c +   0.1 100.3   770  42.9 19032  3348  2166  2850  31.0   2.2 
c +   0.1 102.0   770  42.9 19032  4145  1533  3135  30.5   2.0 
c +   0.1 103.4   770  42.9 19032  5109  2497  3448  30.8   2.2 
c +   0.1 104.6   770  42.9 19032  6275  1936  3792  29.6   2.1 
c +   0.2 106.1   770  42.9 19032  7685  3346  4171  30.2   2.4 
c N   0.2 106.4   770  42.9 19032  8021  3682  4171  30.6   2.5 
c 
c  seconds     variables   original    learned     agility
c         level        used      conflicts    limit          MB
c 
c +   0.2 107.0   770  42.9 19032  9391  2961  4588  28.6   2.3 
c +   0.3 107.7   770  42.9 19032 11455  2724  5046  28.4   2.3 
c +   0.3 108.1   770  42.9 19032 13952  2694  5550  29.4   2.3 
c +   0.4 108.2   770  42.9 19032 16973  2934  6105  29.3   2.3 
c N   0.5 108.2   770  42.9 19032 19241  5202  6105  30.1   2.9 
c +   0.5 108.2   770  42.9 19032 20628  3533  6715  27.9   2.5 
c +   0.6 107.2   770  42.9 19032 25050  4592  7386  29.0   2.7 
c +   0.8  98.2   770  42.9 19032 30400  6245  8124  29.0   3.1 
c +   0.9 102.1   770  42.9 19032 36873  4586  8936  40.1   2.7 
c +   1.0 105.6   770  42.9 19032 44705  7944  9829  38.9   3.5 
c N   1.1 105.7   770  42.9 19032 44911  8150  9829  39.8   3.6 
c +   1.2 103.3   770  50.5 19032 54181  7579 10811  28.0   3.5 
c +   1.6  94.6   770  50.5 19032 65646  8223 11892  29.3   3.7 
c +   2.0  87.8   770  50.5 19032 79518 10193 13081  28.4   4.1 
c +   2.4  87.3   770  50.5 19032 96303  7338 14389  29.8   3.4 
c N   2.6  87.0   770  50.5 19032 102e3 13674 14389  27.1   4.9 
c +   3.0  88.0   770  50.5 19032 116e3 13245 15827  30.1   4.9 
c +   3.8  90.5   770  50.5 19032 141e3 14049 17409  29.8   5.1 
c +   5.1  90.8   770  50.5 19032 170e3  8933 19149  29.8   4.0 
c +   6.2  84.6   770  50.5 19032 206e3 16173 21063  31.1   5.7 
c N   7.0  86.1   770  50.5 19032 230e3 19079 21063  32.4   6.6 
c +   7.6  86.7   770  50.5 19032 250e3 17551 23169  30.3   6.2 
c 
c  seconds     variables   original    learned     agility
c         level        used      conflicts    limit          MB
c 
c +   9.5  87.0   770  50.5 19032 303e3 12264 25485  27.3   4.6 
